_viz_config[BA_extinct].pos=(0.5630771639932538, 0.9067936412502124)
_viz_config[BA_extinct].size=(0.04623028595797452, 0.06445287015687197)
_viz_config[BA_fear].pos=(0.561762976313384, 0.6795451807459375)
_viz_config[BA_fear].size=(0.04588009474512407, 0.06396464413135168)
_viz_config[C].pos=(0.22528071006932007, -0.014464641761797561)
_viz_config[C].size=(0.032908365205548816, 0.037088906713745574)
_viz_config[CCK].pos=(0.778175462571544, 0.9032001811805025)
_viz_config[CCK].size=(0.02329301841113354, 0.03294677889331436)
_viz_config[CeL_OFF].pos=(0.8806987868259486, 0.14195129576746152)
_viz_config[CeL_OFF].size=(0.04619642305027257, 0.0487013993316871)
_viz_config[CeL_ON].pos=(0.7258944365580311, 0.14672434809482954)
_viz_config[CeL_ON].size=(0.043920416468899486, 0.04630197751324082)
_viz_config[CeM_DAG].pos=(0.8869408147112723, 0.36971510595546214)
_viz_config[CeM_DAG].size=(0.08246285026784074, 0.10807181695773373)
_viz_config[Context].pos=(0.22830439143355946, 0.9043388628533454)
_viz_config[Context].size=(0.029104702789642004, 0.03996412079029989)
_viz_config[ITCd].pos=(0.6233808129621403, 0.33804540279328044)
_viz_config[ITCd].size=(0.02351264483214986, 0.024787605396818766)
_viz_config[ITCv].pos=(0.6823593833270023, 0.4710816899893501)
_viz_config[ITCv].size=(0.022069750483793678, 0.028763255807136703)
_viz_config[LA].pos=(0.44642885129781557, 0.2728708676840809)
_viz_config[LA].size=(0.07626547410864082, 0.0999498359721156)
_viz_config[LA_inter].pos=(0.44419081439651553, -0.03235548805474145)
_viz_config[LA_inter].size=(0.02202134050393851, 0.0307014886620182)
_viz_config[Motor].pos=(1.0341950654265604, 0.3684369125340437)
_viz_config[Motor].size=(0.0221793525985834, 0.02906718512020582)
_viz_config[PV].pos=(0.775695319544835, 0.6774561438258178)
_viz_config[PV].size=(0.026232540763893995, 0.07420916474652904)
_viz_config[U].pos=(0.2276785973548922, 0.26372971834428965)
_viz_config[U].size=(0.07798831754191705, 0.037088906713745574)
_viz_ace_editor = nengo_gui.components.AceEditor()
_viz_net_graph = nengo_gui.components.NetGraph()
_viz_sim_control = nengo_gui.components.SimControl()
_viz_config[_viz_sim_control].kept_time = 4.0
_viz_config[_viz_sim_control].shown_time = 0.5
_viz_config[error_cond].pos=(0.30300621548774276, 0.46662683715266484)
_viz_config[error_cond].size=(0.026623918796593784, 0.032039502766181074)
_viz_config[error_context].pos=(0.30405947965544416, 0.5699389924478105)
_viz_config[error_context].size=(0.026656479563699327, 0.03207868673439091)
_viz_config[error_extinct].pos=(0.30254169260893116, 0.6734441441777639)
_viz_config[error_extinct].size=(0.022839608054479942, 0.03184229259813427)
_viz_config[model].pos=(-0.005528488351015298, 0.10111422240799578)
_viz_config[model].size=(0.8782488562869422, 0.8782488562869422)
_viz_config[model].expanded=True
_viz_config[model].has_layout=True
_viz_config[stim_CS].pos=(0.140683285176333, -0.013752274101518618)
_viz_config[stim_CS].size=(0.02632669216443905, 0.029671125370996455)
_viz_config[stim_Context].pos=(0.13323342628541238, 0.9089053366371502)
_viz_config[stim_Context].size=(0.021598455251407623, 0.023761250286176695)
_viz_config[stim_US].pos=(0.13837613543455743, 0.26539777387324215)
_viz_config[stim_US].size=(0.02401577881243957, 0.02967112537099646)
_viz_config[stim_gaba].pos=(0.7708821819035436, -0.03316480175053646)
_viz_config[stim_gaba].size=(0.021577116471901504, 0.023865012777282577)
_viz_config[stim_motor].pos=(1.0290074381945984, -0.03530196743357991)
_viz_config[stim_motor].size=(0.019166869411281366, 0.024414030394183574)
_viz_config[stim_oxy].pos=(0.8803573586325641, -0.03277477217666462)
_viz_config[stim_oxy].size=(0.01880220771212397, 0.025118766150586235)