_viz_config[BA].pos=(0.6852793881614143, 0.9003783102143756)
_viz_config[BA].size=(0.04424778761061946, 0.07692307692307693)
_viz_config[C].pos=(0.4026548672566371, 0.6153846153846154)
_viz_config[C].size=(0.04424778761061946, 0.07692307692307693)
_viz_config[CS].pos=(0.22566371681415928, 0.6153846153846154)
_viz_config[CS].size=(0.04424778761061946, 0.07692307692307693)
_viz_config[CeM].pos=(0.8920029469289665, 0.7137452711223206)
_viz_config[CeM].size=(0.04424778761061946, 0.07692307692307693)
_viz_config[LA].pos=(0.1924572501338342, 0.11238950209454909)
_viz_config[LA].size=(0.1, 0.1)
_viz_config[R].pos=(0.30903635060062873, 0.3783102143757879)
_viz_config[R].size=(0.14285714285714288, 0.07692307692307693)
_viz_config[U].pos=(0.6799323375982753, 0.39092055485498134)
_viz_config[U].size=(0.14285714285714288, 0.07692307692307693)
_viz_config[US].pos=(0.8444117924153766, 0.38713745271122363)
_viz_config[US].size=(0.15151515151515152, 0.07692307692307693)
_viz_0 = nengo_gui.components.Value(C)
_viz_config[_viz_0].max_value = 1
_viz_config[_viz_0].min_value = -1
_viz_config[_viz_0].legend_labels = [u'label_0', u'label_1', u'label_2']
_viz_config[_viz_0].height = 0.08890290037831021
_viz_config[_viz_0].label_visible = True
_viz_config[_viz_0].width = 0.08225966303270565
_viz_config[_viz_0].show_legend = False
_viz_config[_viz_0].y = 0.8139974779319032
_viz_config[_viz_0].x = 0.4023040423796452
_viz_1 = nengo_gui.components.Value(CeM)
_viz_config[_viz_1].max_value = 1
_viz_config[_viz_1].min_value = -1
_viz_config[_viz_1].legend_labels = [u'label_0', u'label_1', u'label_2']
_viz_config[_viz_1].height = 0.08448928121059268
_viz_config[_viz_1].label_visible = True
_viz_config[_viz_1].width = 0.0688800792864222
_viz_config[_viz_1].show_legend = False
_viz_config[_viz_1].y = 0.9003783102143764
_viz_config[_viz_1].x = 0.9089960269082689
_viz_2 = nengo_gui.components.Value(US)
_viz_config[_viz_2].max_value = 1
_viz_config[_viz_2].min_value = -1
_viz_config[_viz_2].legend_labels = [u'label_0']
_viz_config[_viz_2].height = 0.10025220680958385
_viz_config[_viz_2].label_visible = True
_viz_config[_viz_2].width = 0.09018830525272548
_viz_config[_viz_2].show_legend = False
_viz_config[_viz_2].y = 0.16330390920554896
_viz_config[_viz_2].x = 0.8672005499693303
_viz_3 = nengo_gui.components.Value(LA)
_viz_config[_viz_3].max_value = 1
_viz_config[_viz_3].min_value = -1
_viz_config[_viz_3].legend_labels = [u'label_0']
_viz_config[_viz_3].height = 0.12610340479192939
_viz_config[_viz_3].label_visible = True
_viz_config[_viz_3].width = 0.091324200913242
_viz_config[_viz_3].show_legend = False
_viz_config[_viz_3].y = 0.16771752837326614
_viz_config[_viz_3].x = 0.641552511415525
_viz_4 = nengo_gui.components.Value(R)
_viz_config[_viz_4].max_value = 1
_viz_config[_viz_4].min_value = -1
_viz_config[_viz_4].legend_labels = [u'label_0']
_viz_config[_viz_4].height = 0.12610340479192939
_viz_config[_viz_4].label_visible = True
_viz_config[_viz_4].width = 0.091324200913242
_viz_config[_viz_4].show_legend = False
_viz_config[_viz_4].y = 0.19419924337957112
_viz_config[_viz_4].x = 0.12951906423402737
_viz_ace_editor = nengo_gui.components.AceEditor()
_viz_net_graph = nengo_gui.components.NetGraph()
_viz_sim_control = nengo_gui.components.SimControl()
_viz_config[_viz_sim_control].kept_time = 4.0
_viz_config[_viz_sim_control].shown_time = 0.5
_viz_config[model].pos=(-0.0005497566440196833, -0.0006141293503811873)
_viz_config[model].size=(1, 1)
_viz_config[model].expanded=True
_viz_config[model].has_layout=True
_viz_config[stim_CS].pos=(0.05752212389380531, 0.6153846153846154)
_viz_config[stim_CS].size=(0.035398230088495575, 0.06153846153846154)
_viz_config[stim_US].pos=(0.9601015106466048, 0.37957124842370704)
_viz_config[stim_US].size=(0.03003273568189301, 0.06153846153846154)