_viz_0 = nengo_gui.components.Value(inhibit)
_viz_config[_viz_0].max_value = 1
_viz_config[_viz_0].min_value = -1
_viz_config[_viz_0].legend_labels = [u'label_0']
_viz_config[_viz_0].height = 0.12674271229404305
_viz_config[_viz_0].label_visible = True
_viz_config[_viz_0].width = 0.08960573476702507
_viz_config[_viz_0].show_legend = False
_viz_config[_viz_0].y = 0.2089536503335933
_viz_config[_viz_0].x = 0.2821507021118918
_viz_ace_editor = nengo_gui.components.AceEditor()
_viz_net_graph = nengo_gui.components.NetGraph()
_viz_sim_control = nengo_gui.components.SimControl()
_viz_config[_viz_sim_control].kept_time = 4.0
_viz_config[_viz_sim_control].shown_time = 0.5
_viz_config[a].pos=(0.5008453371204435, 0.5291508238276299)
_viz_config[a].size=(0.0943396226415094, 0.24999999999999994)
_viz_config[b].pos=(0.8782038276864813, 0.5291508238276299)
_viz_config[b].size=(0.0943396226415094, 0.24999999999999994)
_viz_config[c].pos=(0.6662709446298263, 0.8234303778978892)
_viz_config[c].size=(0.1, 0.1)
_viz_config[ens1].pos=(0.502702261622766, 0.1536488072409873)
_viz_config[ens1].size=(0.1, 0.1)
_viz_config[inhibit].pos=(0.844808742438235, 0.16126844501572207)
_viz_config[inhibit].size=(0.1, 0.1)
_viz_config[model].pos=(-0.019713261648745626, -0.02915082382763001)
_viz_config[model].size=(1.0000000000000002, 1.0000000000000002)
_viz_config[model].expanded=True
_viz_config[model].has_layout=True
_viz_config[stim].pos=(0.14235477108270786, 0.5291508238276299)
_viz_config[stim].size=(0.07547169811320753, 0.19999999999999996)